Loop#, CurrentTime, LoopLapTime, lastLapTime
1, 146.39999999999998, 146.39999999999998, 0.0
2, 146.5, 146.5, 0.0
3, 146.51666666666665, 146.51666666666665, 0.0
4, 146.73333333333332, 146.73333333333332, 0.0
5, 146.83333333333331, 146.83333333333331, 0.0
6, 146.86666666666667, 146.86666666666667, 0.0
7, 146.88333333333333, 146.88333333333333, 0.0
8, 147.33333333333334, 147.33333333333334, 0.0
9, 147.71666666666667, 147.71666666666667, 0.0
10, 147.9166666666667, 147.9166666666667, 0.0
11, 148.33333333333337, 148.33333333333337, 0.0
12, 148.41666666666666, 148.41666666666666, 0.0
13, 149.61666666666665, 149.61666666666665, 0.0
14, 149.89999999999998, 149.89999999999998, 0.0
15, 150.06666666666666, 150.06666666666666, 0.0
16, 150.43333333333334, 150.43333333333334, 0.0
17, 152.96666666666667, 152.96666666666667, 0.0
18, 153.1333333333333, 153.1333333333333, 0.0
19, 153.21666666666667, 153.21666666666667, 0.0
20, 153.36666666666665, 153.36666666666665, 0.0
21, 153.68333333333334, 153.68333333333334, 0.0
22, 156.29999999999998, 156.29999999999998, 0.0
23, 156.38333333333333, 156.38333333333333, 0.0
24, 298.1500000000001, 151.31666666666678, 146.83333333333331
25, 298.2333333333333, 151.83333333333331, 146.39999999999998
26, 298.8833333333333, 152.01666666666665, 146.86666666666667
27, 298.90000000000003, 151.5666666666667, 147.33333333333334
28, 300.01666666666665, 152.29999999999998, 147.71666666666667
29, 300.81666666666666, 152.4833333333333, 148.33333333333337
30, 301.18333333333345, 153.26666666666674, 147.9166666666667
31, 301.4166666666667, 153.00000000000003, 148.41666666666666
32, 301.65000000000003, 154.7666666666667, 146.88333333333333
33, 301.7666666666666, 155.24999999999994, 146.51666666666665
34, 301.78333333333325, 151.3499999999999, 150.43333333333334
35, 301.7833333333334, 155.28333333333342, 146.5
36, 301.9166666666667, 155.18333333333337, 146.73333333333332
37, 301.9333333333333, 152.31666666666663, 149.61666666666665
38, 304.26666666666665, 151.04999999999998, 153.21666666666667
39, 304.73333333333335, 151.76666666666668, 152.96666666666667
40, 304.7833333333333, 154.88333333333333, 149.89999999999998
41, 305.45, 152.08333333333334, 153.36666666666665
42, 305.6166666666666, 155.54999999999995, 150.06666666666666
43, 307.46666666666664, 153.7833333333333, 153.68333333333334
44, 307.5166666666666, 154.3833333333333, 153.1333333333333
45, 307.8, 151.50000000000003, 156.29999999999998
46, 307.99999999999994, 151.61666666666662, 156.38333333333333
47, 448.9000000000001, 150.6666666666668, 298.2333333333333
48, 450.70000000000005, 151.81666666666672, 298.8833333333333
49, 451.1166666666667, 151.10000000000002, 300.01666666666665
50, 452.26666666666677, 154.11666666666667, 298.1500000000001
51, 452.6166666666667, 151.8, 300.81666666666666
52, 452.6666666666666, 150.89999999999998, 301.7666666666666
53, 452.66666666666663, 150.88333333333338, 301.78333333333325
54, 452.73333333333335, 153.83333333333331, 298.90000000000003
55, 452.93333333333334, 151.01666666666665, 301.9166666666667
56, 453.1833333333334, 151.53333333333336, 301.65000000000003
57, 453.2333333333333, 151.3, 301.9333333333333
58, 453.3666666666667, 151.58333333333326, 301.7833333333334
59, 453.56666666666666, 152.14999999999998, 301.4166666666667
60, 454.46666666666675, 153.2833333333333, 301.18333333333345
61, 455.7999999999999, 151.0166666666666, 304.7833333333333
62, 456.83333333333337, 151.21666666666675, 305.6166666666666
63, 456.86666666666656, 151.41666666666657, 305.45
64, 457.5666666666667, 153.30000000000007, 304.26666666666665
65, 458.3166666666666, 150.8, 307.5166666666666
66, 458.41666666666674, 153.6833333333334, 304.73333333333335
67, 458.45000000000005, 150.65000000000003, 307.8
68, 461.4833333333333, 154.01666666666665, 307.46666666666664
69, 464.81666666666666, 156.81666666666672, 307.99999999999994
70, 598.8000000000001, 149.89999999999998, 448.9000000000001
71, 600.9333333333334, 149.81666666666672, 451.1166666666667
72, 601.6500000000001, 150.95000000000005, 450.70000000000005
73, 603.05, 150.3166666666666, 452.73333333333335
74, 603.2333333333332, 150.5666666666666, 452.66666666666663
75, 603.4, 150.7333333333334, 452.6666666666666
76, 603.9500000000002, 150.58333333333348, 453.3666666666667
77, 604.2666666666667, 151.33333333333331, 452.93333333333334
78, 604.5666666666666, 151.3833333333332, 453.1833333333334
79, 604.8333333333333, 152.21666666666658, 452.6166666666667
80, 605.5166666666665, 151.94999999999987, 453.56666666666666
81, 606.0499999999997, 150.24999999999983, 455.7999999999999
82, 606.3666666666668, 154.10000000000002, 452.26666666666677
83, 606.7833333333333, 153.55, 453.2333333333333
84, 607.8000000000001, 150.9666666666667, 456.83333333333337
85, 608.15, 153.68333333333322, 454.46666666666675
86, 608.3166666666666, 151.45000000000005, 456.86666666666656
87, 608.7666666666667, 150.3166666666666, 458.45000000000005
88, 608.9000000000001, 150.48333333333335, 458.41666666666674
89, 609.2166666666666, 150.89999999999998, 458.3166666666666
90, 611.3833333333334, 153.81666666666672, 457.5666666666667
91, 612.7666666666667, 151.28333333333336, 461.4833333333333
92, 615.4166666666665, 150.59999999999985, 464.81666666666666
93, 752.1333333333333, 150.48333333333323, 601.6500000000001
94, 752.3833333333333, 153.58333333333326, 598.8000000000001
95, 756.9833333333333, 152.7166666666667, 604.2666666666667
96, 757.2333333333335, 150.45000000000016, 606.7833333333333
97, 757.3166666666663, 151.26666666666654, 606.0499999999997
98, 757.4000000000001, 152.83333333333348, 604.5666666666666
99, 758.1999999999999, 157.26666666666654, 600.9333333333334
100, 758.4333333333333, 153.60000000000002, 604.8333333333333
101, 758.5500000000001, 154.5999999999999, 603.9500000000002
102, 758.6, 155.20000000000005, 603.4
103, 759.5000000000001, 151.70000000000005, 607.8000000000001
104, 760.1999999999999, 157.14999999999998, 603.05
105, 761.0000000000001, 155.48333333333358, 605.5166666666665
106, 761.2499999999999, 158.01666666666665, 603.2333333333332
107, 763.15, 151.76666666666654, 611.3833333333334
108, 763.8500000000001, 157.48333333333335, 606.3666666666668
109, 763.8833333333333, 154.98333333333323, 608.9000000000001
110, 763.9333333333333, 155.61666666666667, 608.3166666666666
111, 764.2333333333335, 155.01666666666688, 609.2166666666666
112, 764.55, 151.7833333333333, 612.7666666666667
113, 766.2166666666666, 157.44999999999993, 608.7666666666667
114, 766.2333333333332, 158.08333333333326, 608.15
115, 766.9833333333331, 151.5666666666666, 615.4166666666665
116, 906.5333333333333, 154.39999999999998, 752.1333333333333
117, 907.4833333333335, 155.10000000000014, 752.3833333333333
118, 907.7833333333335, 150.80000000000018, 756.9833333333333
119, 907.9499999999996, 150.63333333333333, 757.3166666666663
120, 909.6666666666669, 152.26666666666677, 757.4000000000001
121, 909.9666666666669, 151.3666666666669, 758.6
122, 910.6500000000002, 151.1500000000001, 759.5000000000001
123, 910.7666666666665, 152.33333333333326, 758.4333333333333
124, 911.7166666666667, 154.48333333333323, 757.2333333333335
125, 912.0166666666665, 153.8166666666666, 758.1999999999999
126, 912.3666666666666, 151.11666666666667, 761.2499999999999
127, 912.8833333333336, 154.33333333333348, 758.5500000000001
128, 914.9666666666666, 154.76666666666665, 760.1999999999999
129, 915.0166666666664, 151.08333333333314, 763.9333333333333
130, 915.2333333333333, 154.23333333333323, 761.0000000000001
131, 915.3833333333336, 151.1500000000001, 764.2333333333335
132, 915.8499999999999, 151.96666666666658, 763.8833333333333
133, 916.7666666666667, 153.61666666666667, 763.15
134, 917.5166666666667, 151.30000000000007, 766.2166666666666
135, 918.5000000000002, 154.6500000000001, 763.8500000000001
136, 918.7499999999998, 154.19999999999982, 764.55
137, 921.4166666666664, 154.43333333333328, 766.9833333333331
138, 921.6, 155.3666666666668, 766.2333333333332
