Stop#, East, West
1, 1, 0
2, 1, 0
3, 1, 0
4, 1, 0
5, 1, 0
6, 1, 0
7, 0, 1
8, 0, 1
9, 0, 1
10, 0, 1
11, 0, 1
12, 1, 0
13, 0, 1
14, 1, 0
15, 0, 1
16, 1, 0
17, 1, 0
18, 0, 1
19, 0, 1
20, 0, 1
21, 0, 1
22, 0, 1
23, 0, 1
24, 2, 0
25, 4, 0
26, 6, 1
27, 1, 0
28, 0, 2
29, 5, 0
30, 1, 2
31, 0, 1
32, 2, 2
33, 0, 1
34, 2, 2
35, 7, 1
36, 1, 1
37, 0, 2
38, 0, 3
39, 2, 1
40, 4, 0
41, 2, 1
42, 3, 3
43, 0, 1
44, 0, 4
45, 0, 2
46, 0, 5
47, 6, 1
48, 3, 0
49, 9, 2
50, 12, 0
51, 2, 4
52, 3, 2
53, 3, 10
54, 3, 4
55, 0, 4
56, 4, 6
57, 3, 2
58, 5, 1
59, 3, 4
60, 7, 2
61, 1, 3
62, 4, 7
63, 2, 3
64, 5, 5
65, 2, 6
66, 4, 2
67, 0, 9
68, 0, 4
69, 0, 9
70, 10, 0
71, 4, 0
72, 1, 1
73, 5, 2
74, 1, 0
75, 3, 4
76, 0, 0
77, 2, 2
78, 1, 4
79, 1, 0
80, 3, 3
81, 2, 4
82, 4, 0
83, 1, 1
84, 0, 8
85, 0, 7
86, 3, 4
87, 0, 1
88, 2, 4
89, 0, 13
90, 1, 6
91, 1, 4
92, 0, 9
93, 7, 0
94, 1, 1
95, 4, 0
96, 0, 0
97, 4, 1
98, 0, 4
99, 6, 3
100, 5, 1
101, 11, 3
102, 0, 2
103, 0, 4
104, 3, 1
105, 5, 4
106, 3, 1
107, 0, 5
108, 0, 1
109, 2, 3
110, 4, 0
111, 2, 3
112, 0, 2
113, 2, 6
114, 0, 2
115, 0, 3
116, 5, 0
117, 2, 0
118, 5, 0
119, 1, 0
120, 3, 2
121, 2, 0
122, 3, 2
123, 0, 1
124, 0, 3
125, 4, 2
126, 1, 5
127, 2, 2
128, 0, 1
129, 1, 3
130, 0, 1
131, 1, 4
132, 0, 2
133, 1, 7
134, 0, 2
135, 2, 4
136, 0, 2
137, 0, 4
138, 0, 3
139, 1, 2
140, 5, 0
141, 2, 0
142, 2, 1
143, 0, 3
144, 1, 0
145, 2, 3
146, 0, 0
147, 2, 1
148, 1, 2
149, 3, 2
150, 0, 2
151, 4, 1
152, 0, 4
153, 1, 1
154, 1, 2
155, 2, 2
156, 2, 4
157, 1, 2
158, 0, 5
159, 1, 1
160, 1, 1
161, 0, 10
162, 13, 2
163, 0, 3
164, 1, 0
165, 2, 0
166, 4, 1
167, 0, 3
168, 0, 2
169, 0, 3
170, 3, 0
171, 2, 0
172, 0, 4
173, 2, 0
174, 2, 3
175, 1, 0
176, 1, 4
177, 1, 3
178, 0, 0
179, 1, 5
180, 0, 0
181, 1, 1
182, 0, 6
183, 2, 2
184, 0, 7
185, 1, 0
186, 0, 0
187, 3, 0
188, 0, 2
189, 3, 1
190, 0, 2
191, 3, 1
192, 1, 0
193, 0, 3
194, 0, 6
195, 3, 0
196, 0, 2
197, 2, 0
198, 3, 4
199, 1, 2
200, 3, 2
201, 2, 0
202, 2, 9
203, 1, 10
204, 1, 4
205, 0, 5
206, 0, 2
207, 0, 2
208, 3, 2
209, 1, 0
210, 1, 0
211, 2, 0
212, 0, 5
213, 3, 0
214, 3, 0
215, 3, 2
216, 4, 1
217, 4, 4
218, 5, 1
219, 3, 2
220, 2, 1
221, 1, 3
222, 1, 2
223, 0, 3
224, 2, 1
225, 1, 4
226, 0, 0
227, 0, 3
228, 1, 4
229, 0, 2
230, 0, 5
231, 0, 1
232, 0, 0
233, 4, 0
234, 6, 0
235, 2, 0
236, 0, 0
237, 1, 1
238, 0, 8
239, 1, 11
240, 0, 7
241, 1, 6
242, 1, 4
243, 1, 1
244, 1, 1
245, 3, 3
246, 1, 4
247, 2, 1
248, 1, 3
249, 0, 1
250, 1, 3
251, 1, 1
252, 0, 2
253, 0, 7
254, 2, 1
255, 6, 1
256, 9, 0
257, 5, 4
258, 4, 3
259, 7, 0
260, 2, 4
261, 6, 1
262, 4, 0
263, 1, 1
264, 4, 1
265, 2, 0
266, 0, 3
267, 2, 0
268, 1, 10
269, 2, 5
270, 3, 1
271, 6, 4
272, 7, 1
273, 4, 2
274, 6, 3
275, 3, 5
276, 0, 2
277, 12, 0
278, 20, 0
279, 20, 0
280, 20, 1
281, 1, 0
282, 0, 2
283, 5, 2
284, 3, 3
285, 8, 1
286, 3, 2
287, 1, 1
288, 4, 3
289, 2, 5
290, 2, 7
291, 0, 3
292, 0, 6
293, 2, 6
294, 0, 3
295, 2, 4
296, 0, 0
297, 0, 5
298, 0, 12
299, 0, 8
300, 2, 1
301, 8, 2
302, 2, 1
303, 2, 1
304, 5, 1
305, 3, 2
306, 1, 0
307, 6, 1
308, 0, 0
309, 3, 2
310, 1, 6
311, 4, 2
312, 8, 4
313, 3, 1
314, 4, 15
315, 8, 13
316, 1, 12
317, 0, 8
318, 1, 5
319, 1, 4
320, 0, 3
321, 0, 2
322, 0, 3
323, 5, 0
324, 2, 1
325, 0, 1
326, 2, 4
327, 0, 2
328, 2, 0
329, 1, 3
330, 2, 1
331, 1, 1
332, 2, 2
333, 5, 3
334, 4, 0
335, 11, 2
336, 7, 3
337, 11, 1
338, 1, 3
339, 1, 0
340, 0, 3
341, 0, 0
342, 0, 2
343, 0, 4
344, 0, 1
345, 0, 4
346, 0, 1
347, 6, 0
348, 3, 0
349, 1, 7
350, 2, 8
351, 1, 7
352, 1, 6
353, 3, 4
354, 2, 3
355, 1, 0
356, 1, 3
357, 0, 2
358, 4, 2
359, 0, 0
360, 0, 4
361, 2, 0
362, 1, 2
363, 2, 2
364, 1, 2
365, 1, 2
366, 1, 0
367, 0, 6
368, 0, 4
369, 0, 0
370, 3, 0
371, 6, 0
372, 8, 0
373, 2, 0
374, 4, 2
375, 3, 0
376, 0, 0
377, 4, 0
378, 1, 4
379, 2, 2
380, 0, 3
381, 2, 3
382, 0, 2
383, 4, 1
384, 0, 4
385, 1, 1
386, 1, 4
387, 3, 0
388, 2, 3
389, 1, 3
390, 0, 21
391, 0, 20
